387.00986 946.1236
426.18494 945.1242
426.78458 925.13696
434.37973 924.9371
426.78458 903.15094
448.17096 903.3508
448.5707 896.1554
453.36765 887.76074
449.17032 890.55896
418.58978 888.76013
419.1894 871.57104
476.15314 889.15985
474.55417 872.37054
514.12897 889.75946
513.1296 871.9708
453.96725 879.1662
439.37656 870.17194
453.1678 870.97144
466.75912 870.97144
427.78394 871.57104
410.395 871.9708
419.38928 859.17896
374.61777 871.37115
362.4255 872.57043
365.22372 863.5762
368.22183 854.78174
347.43506 871.57104
347.23517 862.5768
347.23517 854.9816
327.64764 872.37054
327.64764 863.1764
328.44714 819.0045
338.64066 819.2044
348.43442 818.8046
338.0614 815.0106
330.26593 811.5661
326.6401 796.7003
326.45883 790.53644
327.50534 784.1142
329.4489 769.0515
339.65268 764.1926
339.16678 802.3352
339.65268 773.66754
334.30783 789.94495
354.34964 848.78723
347.6419 836.2782
285.28772 789.7722
282.88925 856.3298
282.4895 863.9249
280.1003 715.75824
280.64145 707.91187
292.27567 709.80585
292.1404 715.08185
297.27292 719.33264
307.60648 730.9352
320.65936 738.912
336.6129 747.07007
340.23874 753.4152
419.01465 849.36615
418.35358 776.4272
353.5679 775.7661
418.1332 688.94446
348.71997 770.91815
342.1092 779.2918
348.0589 780.83435
347.83853 785.2415
347.39783 792.0727
347.83853 811.6847
347.6182 805.735
347.6182 798.24274
312.74847 700.9607
350.43744 686.244
349.36063 750.49475
350.0785 743.67487
322.08096 696.29443
363.71832 685.8851
389.92114 685.5261
406.07358 685.8851
433.3532 686.244
417.55972 679.0652
390.2801 670.0916
367.6667 671.16846
379.87076 653.2213
357.97525 677.98834
363.71832 649.99084
412.53455 670.45056
417.91867 666.5022
423.30283 669.73267
447.7109 671.16846
447.7109 686.9619
551.0864 777.7744
539.95917 870.7406
540.67706 848.8451
552.39294 841.35657
551.6988 832.7956
552.39294 808.7323
551.4674 797.62616
576.91895 757.36646
581.7779 752.04474
581.5465 740.2445
552.39294 712.9419
551.9302 700.9103
566.73834 696.7455
550.07916 687.49036
455.30356 685.8274
466.82037 686.418
478.3372 686.1227
484.83386 686.7133
506.68628 687.3039
518.4984 683.76025
462.3908 680.80725
471.2499 680.2167
462.3908 671.35754
472.72644 671.06226
485.12915 672.24347
517.6125 670.4716
541.53204 671.65283
587.33954 719.36395
590.13776 743.9483
600.731 733.35504
616.3211 745.54724
607.12695 724.3608
633.3103 700.17615
572.14923 688.1838
562.1556 687.58417
541.16895 687.58417
532.3746 687.78406
602.72974 689.18317
623.11676 690.1825
642.9042 690.78217
647.7011 714.76685
658.894 726.3595
639.30646 746.34674
621.31793 740.1507
665.6897 745.947
665.09 733.15515
665.2899 718.76434
665.2899 699.1768
655.09644 690.3824
675.48346 689.98267
647.7011 689.5829
678.6814 707.3716
669.68713 698.1774
562.1556 670.39514
605.52795 670.99475
648.1009 671.19464
675.6833 662.2003
689.87427 690.3824
706.26385 708.1711
712.8596 727.7586
728.6496 719.96356
722.0538 708.7707
718.25616 705.7726
756.232 720.76306
764.02704 719.96356
763.4274 710.3697
778.41785 693.9801
781.01624 709.77
781.01624 717.96484
747.03784 692.1813
733.64636 691.7815
771.4223 772.1303
781.01624 765.13477
570.61597 816.60535
558.21326 803.612
665.1128 814.8335
681.94507 808.33685
686.9652 804.20264
665.70337 789.14215
670.7236 789.4375
708.3768 821.5104
729.86444 824.4405
789.7695 806.20856
789.7695 792.53455
787.81604 785.04645
262.97794 860.2571
248.32726 831.2813
229.11859 826.0722
238.56013 815.32837
235.63 788.306
240.83913 766.4928
271.76834 767.79504
277.30304 771.0508
286.09344 719.28503
285.73077 740.8585
260.71277 741.4024
254.5489 729.6185
285.5495 772.22174
272.13403 742.67145
234.42572 747.5663
312.1135 670.4884
366.48654 636.7396
324.43448 637.00745
372.64703 644.7751
358.98682 671.292
312.91702 681.20233
281.04315 685.4879
279.43607 651.7391
282.72473 650.3296
282.88132 638.58417
274.73788 632.6332
354.60596 615.9319
343.86212 599.6533
271.92108 608.3385
270.1582 588.72656
270.37857 572.19965
253.6313 571.31824
239.30798 599.96484
240.1894 542.8919
225.20502 569.55536
237.98582 570.8775
289.5498 572.42004
310.04315 574.40326
318.63718 577.929
331.41797 577.7086
332.2994 589.60803
449.01068 664.4558
466.1019 645.32385
441.8681 655.78265
441.613 627.7225
466.1019 626.1919
303.34827 638.4345
302.47565 649.7782
309.8927 626.6545
309.8927 590.8781
309.45642 596.1137
323.4179 596.1137
333.01645 597.4226
340.4335 601.7856
346.54166 610.0752
349.15942 617.49225
177.36032 528.4906
216.7389 530.9711
215.8087 569.10944
240.30403 531.9013
262.31885 532.5215
184.18181 518.5684
189.76302 514.8476
203.71606 515.77783
211.46776 519.8087
280.92288 561.9779
271.62088 555.1564
271.93094 543.37384
276.58194 525.69995
284.33365 535.9322
269.14032 533.1416
290.535 552.67584
299.52695 561.66785
264.17923 500.27444
264.48932 493.45294
264.48932 484.461
257.66782 486.01132
247.12552 477.01935
189.76302 507.40598
203.71606 506.78586
293.01553 500.27444
278.1323 510.81674
265.91223 448.50626
266.2378 430.59985
292.28348 450.45966
290.98117 484.64462
292.28348 442.3204
318.32913 444.27383
260.7031 411.06558
239.86656 411.71674
225.867 411.06558
212.5186 411.39117
211.54189 435.4834
225.867 421.80942
238.56427 421.48386
365.49265 444.6986
389.59274 395.88766
389.59274 391.70084
404.17703 388.61307
406.13046 323.17343
391.80536 321.22
391.80536 324.80127
411.014 390.24094
403.85147 395.45004
403.20032 441.35547
450.08246 442.33218
301.62234 438.75092
292.83197 432.2395
300.32007 426.7048
304.22693 416.9377
304.5525 394.14777
298.36667 379.8227
295.11096 367.451
296.08765 326.7547
296.08765 306.56934
301.29678 301.36023
318.8776 301.6858
341.85376 302.6875
349.9155 302.6875
362.0081 302.6875
373.79065 315.40024
385.26312 303.61768
392.7047 303.30762
417.51007 305.16803
472.5043 305.3753
471.5276 326.2118
465.66733 352.90854
464.36505 443.0915
463.4477 463.1849
470.26917 468.7661
467.73996 477.10434
475.27774 487.87256
468.0989 489.66727
487.84067 487.5136
806.5402 684.8828
795.0094 675.6019
804.00903 693.03876
816.94604 693.03876
817.50854 670.5396
872.9127 669.6959
840.5702 639.0408
808.22766 621.60394
806.8215 589.2614
792.75946 606.41705
793.88446 632.2911
792.4783 616.8229
784.88477 628.3537
783.7598 616.26044
783.4786 607.26074
784.3223 599.6673
792.4783 599.1048
793.0407 583.63666
784.6035 583.3554
799.22797 607.542
813.5712 607.26074
816.10236 612.88556
820.6022 608.1045
882.85876 680.9667
883.98944 651.19257
884.3663 607.47363
881.3512 693.404
893.4116 690.012
841.4011 607.09674
864.0144 608.2274
815.77277 580.7146
807.9727 582.80896
804.5282 577.0077
798.0018 579.36444
793.8321 563.77356
810.87335 573.9258
809.6043 567.5806
801.80884 557.6097
794.1947 556.8845
900.982 607.76984
902.0024 650.1152
937.4602 608.7902
952.0005 609.3004
962.20416 616.9532
965.5204 648.58466
998.6824 644.24805
969.60187 635.06476
941.7968 616.9532
947.919 615.4226
942.5621 582.51575
942.0519 588.3829
912.71625 586.08704
885.67645 586.08704
890.52325 583.5361
886.4418 577.9241
901.7473 577.1588
1073.3231 631.2658
1075.0684 611.63257
1050.6359 611.1963
1053.69 608.1422
1053.2537 571.05725
1043.8677 570.4083
1027.2676 570.8782
1025.7015 593.116
970.88995 592.48956
969.79376 611.4387
961.02386 611.4387
1039.319 574.23395
1038.7832 611.46466
1074.9425 597.0009
1074.6747 575.0375
1066.9071 570.75195
1088.067 562.9844
1088.067 558.69885
1071.7284 567.0021
1087.7992 588.9655
1046.5782 563.83777
550.66425 665.2805
573.60913 669.9315
584.7715 669.9315
551.5945 656.28864
562.4468 647.2967
551.2844 645.1263
549.7341 635.5142
550.66425 626.2122
384.57587 633.1429
391.08725 622.3991
420.71402 621.7479
391.4128 612.632
390.11053 592.77234
379.36676 582.6797
359.18152 600.586
423.9697 597.6559
439.92258 583.3308
437.6436 572.5871
454.89874 556.30865
463.03793 560.21545
460.75897 607.09735
465.6425 614.2599
492.6647 586.2609
484.85104 578.4473
501.78064 579.09845
517.7335 561.5177
507.3153 585.93536
527.175 606.7718
517.7335 608.7252
488.4323 609.37634
531.4074 576.16833
536.2909 579.7496
550.61597 578.4473
551.9182 597.6559
551.9182 602.2138
549.9648 612.632
534.01196 611.9809
380.2976 564.03644
335.82504 562.9058
317.73453 561.77515
326.4029 569.68976
344.99457 554.78906
341.45096 550.0643
352.08176 542.0911
360.64548 556.56085
367.73267 549.47363
352.96765 562.1716
391.652 578.4131
423.83972 555.08435
455.14154 547.70184
448.94025 547.40656
425.02094 539.4334
424.135 525.25903
393.1285 525.25903
402.8734 530.5744
395.7862 539.72876
394.605 549.47363
463.40994 555.37964
472.79544 555.9322
504.8566 554.80725
530.4493 556.7759
560.92706 556.2876
556.0276 556.6645
545.4748 556.6645
531.15314 546.8655
546.2285 538.95087
556.0276 529.52875
583.1633 497.87033
615.14484 498.83942
633.80963 512.47906
685.8557 513.19696
685.8557 498.83942
700.9255 514.6355
645.8511 625.6051
646.68207 641.81024
630.06146 625.6051
739.44586 514.8473
730.7418 485.52847
764.64166 504.31085
772.4295 515.3054
784.79834 516.6797
800.8321 516.6797
791.48224 478.05142
791.8412 503.53604
793.2769 446.46484
813.37744 498.5109
903.8299 520.7651
860.0394 517.89355
857.52686 525.4313
888.39557 525.0723
890.19025 520.0472
794.3537 537.9941
793.2769 528.3028
810.14703 519.68823
821.2741 517.89355
907.7782 504.61285
917.43274 520.5857
918.1164 515.458
929.39734 514.09064
929.7392 520.92755
918.45825 495.9728
931.10657 498.70758
923.2441 406.06732
975.88837 500.4168
993.66437 500.07495
1045.2831 500.4168
1045.6249 456.66052
1045.2831 473.41098
1038.4462 455.97684
1067.503 501.78418
1067.503 551.01
1068.8328 480.52548
1067.4653 473.3467
1062.8889 437.79486
1047.737 430.21893
1131.5773 439.8151
1154.305 438.2999
1130.0621 473.65424
695.419 498.32422
694.7679 463.48807
681.0939 462.51135
681.0939 470.32504
555.4233 512.9749
532.7852 527.4668
539.0314 498.42123
556.03766 498.66415
555.3088 481.90088
534.1725 489.18927
562.11127 492.5905
696.0383 398.308
801.7764 430.23538
811.1511 410.68246
810.6154 448.1812
810.3476 468.8055
814.0974 469.1702
814.3288 448.809
802.52856 406.23557
814.84106 413.57843
815.2365 406.61792
802.5486 402.05978
815.04297 402.05978
862.4753 404.37354
861.38763 446.09708
860.3144 474.4652
995.6076 408.3301
1048.4807 409.17383
156.8435 608.93665
173.24599 635.8712
180.84293 627.75635
180.4976 622.74927
162.19589 606.00146
168.92955 617.2242
194.31021 624.1305
233.33084 624.4758
246.45282 625.8571
252.6685 631.2095
260.09277 660.9066
169.73767 603.9569
181.50719 607.74475
198.01157 609.63873
214.78651 606.25665
229.53223 611.2621
238.46083 612.7502
246.30717 611.8032
253.74767 605.0391
263.2174 604.76855
154.72702 596.2422
151.64508 577.388
156.35863 558.8964
146.75024 567.7796
161.07217 567.5983
162.15993 527.7145
156.53992 532.6093
179.3825 645.9158
180.83282 657.33704
207.48253 715.1687
216.53265 727.20905
236.26494 727.83545
225.45915 740.9903
219.75418 751.2809
208.50456 758.3119
200.91107 774.0614
199.78612 790.9358
202.31728 808.3727
210.47325 822.43475
218.62921 826.9346
159.62111 518.0805
160.06183 489.87457
172.84267 490.0949
161.38399 464.09253
183.4199 464.97397
738.7952 310.3748
738.7952 321.14304
771.7217 331.70218
805.4366 347.56802
725.6666 348.44946
753.2115 341.39798
619.4536 313.19202
640.6081 361.00992
719.27625 309.88663
719.05585 348.00873
754.5336 330.82074
762.0259 323.76926
762.46655 333.90576
762.46655 311.6495
812.70844 313.63275
812.2677 333.2447
812.04736 348.2291
817.55634 333.6854
812.48804 319.8028
818.43774 320.02316
818.6581 312.97168
618.79254 306.8016
662.20325 308.12378
661.32184 321.12494
649.2021 362.7728
641.4895 371.58716
641.26917 385.69012
655.4785 385.60757
693.7425 387.13812
716.95593 387.9034
759.8115 391.2196
664.8317 379.41245
694.4128 380.21194
717.1982 379.41245
811.02576 353.71082
817.4978 354.09152
817.30743 344.5738
816.7364 361.7057
809.31256 361.51535
799.9852 361.51535
762.10474 360.7539
760.39154 380.9315
816.1848 389.0968
815.6668 392.7226
892.6719 374.59363
891.8086 391.8593
875.3646 315.0822
875.7235 332.31137
937.8203 393.69028
938.89716 356.0015
940.33295 317.95374
587.5708 383.883
555.2661 395.01016
586.49396 394.6512
554.5482 382.44724
1062.6108 409.19293
1064.9852 348.25024
1064.9852 331.62952
1070.5254 324.1106
1078.4401 320.94476
1050.7389 321.7362
1040.8456 315.80023
1033.3267 320.1533
1042.4285 297.9923
940.3297 295.61792
506.39566 303.88058
524.2837 305.18945
555.26056 305.18945
554.8243 283.81107
301.74326 271.9804
310.03284 275.03445
340.13712 275.03445
359.77036 274.16187
352.78964 252.34718
476.2608 280.27
477.1334 261.50937
392.49237 276.77963
537.3419 280.70627
564.39215 282.45145
817.87885 291.17734
708.80536 309.5017
692.0162 309.102
691.8163 320.49466
581.6872 282.51907
624.0599 282.91882
624.65955 276.52295
654.0406 278.52167
654.0406 285.3173
582.8864 268.12836
574.4918 271.9259
594.27905 267.52875
708.65656 287.72778
782.0599 271.69717
781.2162 289.41522
1060.0817 298.0351
1072.73 298.37695
1106.5729 301.11172
1115.1191 301.45358
1125.7164 301.45358
1172.5494 303.1628
1131.5278 322.64813
1160.9266 323.67368
1183.4886 325.72476
1196.137 327.77585
1200.5809 332.21985
1248.0978 333.92908
1258.0114 333.58725
1257.3276 305.2139
1236.8168 304.87207
1207.418 304.18835
1193.744 304.5302
291.79846 462.2209
284.1248 454.5472
279.27002 462.06427
274.57184 443.898
275.6681 433.09222
279.1134 447.96976
744.9594 504.4929
279.74225 675.6252
277.31946 641.8072
278.7067 488.1368
959.2124 627.1447
806.14136 798.91956
855.1616 782.0872
862.72565 779.62067
892.9876 769.97845
902.3132 767.52435
935.07526 756.1128
1048.5533 690.5046
1079.8335 667.7948
1079.563 649.9376
1074.9634 648.7201
1074.5576 637.627
1100.7994 582.13696
1138.8339 582.67267
1173.1184 581.60126
1224.0096 549.19165
1255.8835 536.87067
1265.5261 529.3709
1265.794 502.8539
1265.794 492.40784
1265.794 487.85443
1265.2582 445.80228
1259.9015 441.56528
1258.1486 438.7606
1257.6646 343.72104
1257.9125 417.4496
1111.8354 581.9978
262.0197 404.6643
262.0197 392.98938
268.7616 379.67004
272.8725 379.3412
726.633 881.5119
816.81635 802.7236
860.7685 785.7939
861.4196 789.3752
887.46533 780.5847
891.69775 782.2126
903.74396 818.02545
918.39465 825.5136
927.83624 826.8159
938.5801 824.8625